187 82
190 72
150 60
130 30
183 84
193 82
198 72
154 60
140 30
193 84
182 90
190 72
150 99
130 60
183 70
187 101
190 69
150 49
130 33
183 79
106 102
135 125
107 130
198 157
172 132
131 166
151 96
82 200
121 167
112 134
122 125
162 124
127 140
135 95
91 148
195 173
142 194
162 149
137 149
193 122
99 172
153 102
117 142
140 101
186 141
103 101
120 182
98 173
159 179
126 196
85 170
108 109
123 196
100 189
147 97
108 85
140 128
93 122
174 162
196 151
149 83
114 190
199 163
143 200
156 106
174 96
122 153
155 109
168 96
172 159
143 198
134 84
172 94
162 184
125 97
96 198
131 157
189 150
131 90
115 132
186 85
125 159
171 170
158 103
184 148
83 90
100 193
98 120
109 120
115 198
191 96
159 116
192 162
169 99
162 198
125 164
118 133
110 93
188 150
166 122
185 131
162 164
193 84
97 198
105 158
136 198
176 150
80 135
143 100
107 81
178 114
123 146
155 89
196 167
127 158
166 189
106 158
144 195
90 118
196 100
84 113
152 160
115 96
156 133
133 120
89 80
198 185
152 160
101 122
138 103
118 125
151 110
111 179
176 88
86 169
136 92
167 114
163 159
191 178
158 83
147 165
116 112
132 187
82 105
133 107
89 170
143 138
187 125
102 145
108 154
86 101
100 178
124 135
111 137
103 179
103 99
191 98
143 101
195 181
111 191
83 81
174 104
124 130
137 140
102 165
188 124
130 96
87 124
96 107
95 151
95 186
80 108
192 93
153 81
187 180
91 152
151 138
153 173
147 112
144 198
147 121
80 174
175 128
109 131
180 129
190 121
135 136
182 146
146 114
142 154
134 143
106 163
129 155
186 146
99 187
179 164
156 166
130 162
88 107
86 182
139 124
112 106
174 117
184 194
198 167
200 113
185 148
87 164
144 136
96 197
98 196
95 118
151 152
105 83
84 194
131 157
187 93
81 195
196 193
179 173
126 196
188 102
116 99
122 87
92 190
172 99
172 195
167 168
154 182
84 88
194 151
146 178
157 93
104 192
126 196
153 149
176 172
95 88
170 126
183 136
122 156
103 155
167 138
116 122
198 191
152 190
128 96
94 169
91 175
91 168
179 174
171 186
133 176
164 177
183 142
175 101
199 188
197 198
126 106
139 93
182 98
165 92
185 85
103 180
170 135
99 175
92 132
107 86
181 168
142 149
183 145
121 139
125 129
188 187
159 131
160 104
86 152
186 140
136 149
124 115
119 169
114 104
147 126
182 84
99 136
122 170
192 193
200 116
191 158
174 185
163 103
157 144
168 108
156 156
169 87
140 156
84 87
194 153
118 169
109 120
200 145
186 192
139 116
167 127
86 83
108 169
139 118
150 115
189 135
87 154
195 151
192 113
86 160
155 186
200 137
165 100
130 102
99 182
104 164
193 82
116 189
126 118
136 191
83 93
106 147
156 143
134 81
161 146
114 161
160 174
176 135
188 158
136 181
88 160
169 123
122 193
114 103
200 89
149 161
114 100
151 126
197 185
131 93
95 149
105 159
122 159
189 120
92 109
115 146
109 148
88 84
116 120
167 160
164 193
157 145
102 188
191 94
144 192
95 163
92 141
198 136
160 191
93 103
84 187
133 174
151 199
94 116
158 150
198 181
196 149
186 135
83 139
89 149
190 142
90 159
169 166
138 160
176 137
153 161
146 90
187 114
151 104
85 181
138 173
140 108
90 117
124 97
90 167
162 165
153 110
110 183
148 129
118 181
98 150
93 186
101 161
169 101
178 171
143 106
197 200
147 167
198 139
106 108
159 167
182 129
157 133
117 181
135 157
80 200
121 108
162 111
146 198
92 139
123 147
109 119
122 80
83 194
169 81
167 143
93 111
160 141
142 87
178 170
192 191
191 170
150 167
170 150
117 90
127 92
143 165
178 187
93 165
151 96
170 173
90 188
168 148
80 132
112 142
159 139
128 158
186 186
109 164
92 117
182 133
145 200
144 198
97 178
91 187
178 91
124 96
153 92
95 101
113 176
178 114
181 132
83 176
109 106
193 165
108 185
118 98
149 184
135 135
194 107
162 113
104 138
112 126
105 157
97 115
124 94
147 163
81 167
107 195
121 120
187 109
89 122
141 138
158 143
128 185
93 162
187 96
200 122
126 115
108 82
121 187
105 130
140 92
177 196
135 175
168 89
173 186
123 151
160 136
83 106
187 153
193 80
163 179
175 143
162 125
173 125
91 116
136 170
180 133
143 131
91 170
133 181
159 180
138 98
153 103
115 150
126 193
111 162
81 169
139 164
168 119
186 116
192 192
149 91
130 197
196 185
157 169
129 137
160 142
109 197
193 141
159 143
117 182
103 150
166 167
182 87
89 156
170 107
179 83
124 143
104 146
170 119
110 156
196 132
111 136
185 134
199 119
188 118
141 164
131 194
166 165
91 169
184 174
131 178
136 180
115 160
86 90
174 86
96 106
181 134
140 154
149 180
134 153
152 148
139 87
121 100
141 147
117 97
114 114
162 135
164 162
146 156
147 120
118 98
179 127
131 169
155 84
135 134
94 93
195 183
91 129
133 99
102 160
153 149
157 181
82 140
130 198
138 123
136 184
150 155
186 106
177 102
179 128
98 152
120 126
144 83
118 105
80 95
186 91
128 147
192 173
110 142
196 154
100 182
127 133
176 142
134 107
81 138
136 92
139 180
177 100
84 108
164 148
125 157
179 82
124 93
139 109
90 128
86 139
187 154
157 87
171 89
157 132
138 143
104 83
129 158
122 199
83 200
166 114
170 153
167 95
183 81
179 123
168 199
128 82
85 90
172 100
103 117
122 83
189 85
84 107
128 180
152 124
154 81
145 96
169 160
191 156
178 167
181 187
137 177
94 187
187 162
134 187
124 101
119 93
99 139
147 96
139 143
129 132
135 108
168 118
145 80
109 184
80 180
178 81
170 105
130 172
98 136
145 166
179 121
95 158
89 83
109 111
195 192
130 200
114 200
168 164
146 91
128 128
188 169
179 99
160 158
109 117
115 177
172 198
155 94
112 126
88 82
167 172
190 140
137 126
197 131
144 100
94 145
193 183
185 143
93 101
103 153
162 80
177 162
119 118
137 193
182 162
184 162
93 153
133 169
95 173
143 104
158 171
171 164
184 129
88 103
173 167
129 103
130 159
120 164
104 121
198 150
166 97
122 113
128 174
133 196
145 85
107 143
188 128
152 167
122 180
130 157
117 140
86 139
123 99
109 183
174 124
106 139
97 189
147 165
198 140
96 151
94 112
126 115
85 140
172 81
86 140
155 159
92 193
177 93
148 178
96 148
83 96
184 184
161 156
182 112
152 158
90 99
108 173
134 88
174 114
200 124
184 173
154 109
132 136
88 179
94 101
149 181
143 198
195 191
142 93
164 179
191 82
135 189
179 173
115 124
185 122
92 110
108 114
100 196
152 87
169 178
150 85
148 85
91 97
181 182
107 118
92 112
180 106
200 106
149 149
134 122
155 177
131 124
200 152
118 118
121 177
115 192
130 127
104 94
92 177
167 126
135 154
85 126
101 118
189 191
134 177
88 194
183 139
97 127
196 161
90 161
137 199
150 139
164 93
149 136
85 177
170 88
173 197
141 149
110 99
138 109
129 124
135 133
177 177
178 87
141 164
116 164
131 92
85 140
164 80
113 198
105 174
130 139
104 151
151 147
115 190
156 154
90 109
105 151
127 134
179 110
176 147
176 128
97 121
117 103
183 135
122 112
126 80
192 135
143 103
198 172
92 133
176 196
109 136
123 92
118 138
80 177
158 192
181 194
103 80
139 113
150 128
169 142
174 179
120 183
184 109
153 171
134 192
119 148
189 200
148 179
137 127
105 127
80 98
155 112
119 161
81 156
95 132
111 150
124 191
179 115
172 193
144 152
174 146
175 144
127 119
187 121
122 91
170 100
139 179
144 109
96 177
133 157
129 196
169 106
106 151
175 166
178 106
109 164
183 190
119 105
185 194
130 93
90 197
95 147
123 140
199 81
167 193
192 150
131 138
186 195
185 86
126 155
199 128
141 176
156 90
103 169
174 190
80 185
101 192
105 180
152 111
113 143
128 97
200 125
142 81
135 100
161 176
125 135
108 129
180 92
159 132
176 133
163 193
160 185
142 100
124 108
177 172
143 84
133 162
150 125
96 152
167 165
166 180
169 85
103 108
91 121
160 99
130 155
105 117
121 148
80 114
98 141
176 139
188 142
197 159
110 99
142 88
137 143
165 176
177 132
133 100
136 161
113 175
113 178
180 145
160 186
181 187
164 99
152 137
161 83
82 191
156 192
89 188
139 111
86 144
126 137
155 178
124 120
124 126
81 176
159 197
155 93
101 88
114 178
172 191
113 140
166 187
171 129
99 163
144 163
141 131
147 187
190 135
109 93
149 140
142 91
186 163
171 126
186 185
134 135
102 152
94 145
131 173
137 162
108 174
89 94
102 188
156 188
103 134
162 153
94 182
149 146
133 133
152 193
159 167
137 133
117 185
171 141
191 163
183 121
198 98
191 113
157 126
118 189
109 132
174 142
85 149
118 116
110 178
198 152
192 185
156 105
176 163
118 112
171 122
90 131
179 141
168 171
163 155
133 165
89 183
139 177
142 136
163 124
121 121
191 149
154 117
132 97
105 98
180 186
115 176
190 148
170 142
159 134
91 110
181 170
169 180
135 129
134 199
146 109
172 151
130 102
172 107
105 189
114 104
144 180
119 123
169 137
125 105
195 104
106 156
162 117
127 151
155 161
127 87
127 183
178 105
125 128
190 160
186 144
115 187
152 177
123 172
104 179
175 176
133 175
187 126
92 139
136 176
159 121
180 169
187 180
178 160
146 199
98 175
113 130
189 162
99 155
86 191
128 144
182 104
169 136
102 150
85 189
116 93
154 146
164 133
119 154
132 91
93 200
106 199
192 82
92 192
92 81
139 151
175 88
138 180
127 100
102 187
158 152
106 104
185 124
157 185
188 137
109 156
120 97
136 114
111 92
194 197
109 98
115 171
149 160
184 119
165 101
113 196
189 198
139 135
90 159
156 190
164 158
158 110
175 121
134 176
89 188
122 130
120 136
200 86
110 122
139 159
191 89
98 200
107 142
90 167
142 133
141 179
143 175
152 168
100 145
136 128
97 96
182 104
146 195
163 143
140 183
170 132
124 109
169 175
118 186
146 165
127 182
130 115
101 152
185 170
95 182
138 116
116 194
114 152
121 191
114 170
152 120
124 112
190 196
190 101
114 92
149 178
179 118
190 106
138 109
134 99
200 159
182 92
191 111
177 143
156 174
194 194
146 110
89 187
108 192
183 162
123 181
155 118
96 120
165 151
142 126
99 98
144 162
162 95
139 163
162 140
186 107
131 173
174 88
81 120
176 151
84 177
161 194
146 149
196 164
162 195
132 134
176 149
145 144
162 190
176 126
146 128
117 138
93 143
198 143
185 86
100 118
177 103
137 106
108 83
157 185
180 80
102 97
174 88
161 156
186 185
139 117
162 81
100 104
161 150
159 180
123 156
85 88
151 131
80 150
123 89
131 101
146 129
136 143
116 164
122 157
165 185
157 143
195 179
101 106
86 108
194 199
142 168
192 200
101 117
185 124
81 144
181 155
200 139
148 114
194 179
143 103
158 90
171 138
150 89
119 114
172 101
158 124
154 87
191 147
168 105
143 114
147 136
194 189
121 123
98 88
132 152
132 131
193 103
149 81
91 81
124 196
147 149
192 113
168 84
88 96
187 169
161 85
171 123
132 184
153 103
85 197
135 198
99 173
140 157
132 185
189 160
185 103
197 188
169 171
144 103
139 160
80 87
118 124
151 191
113 196
167 92
133 167
131 89
172 180
180 129
133 197
154 93
183 174
179 97
142 109
151 179
138 89
117 91
138 104
150 134
144 111
106 190
196 152
112 168
171 150
112 105
145 99
100 134
86 197
184 172
146 118
113 99
147 174
160 80
137 195
110 182
167 178
104 97
163 134
84 84
134 138
184 90
177 196
133 83
122 118
164 167
123 112
151 183
165 184
103 131
161 166
93 167
177 198
108 147
133 176
122 103
128 182
132 81
81 188
156 146
193 138
124 136
196 199
197 131
135 199
149 119
172 197
157 111
130 107
119 151
167 100
126 110
104 200
184 101
115 112
108 139
188 184
169 109
150 189
84 174
175 153
98 191
94 99
112 95
169 107
107 172
143 119
180 105
144 93
139 153
174 199
189 103
84 89
110 142
104 106
128 156
172 81
110 98
99 122
104 147
168 130
157 139
186 163
167 115
106 113
200 145
109 93
171 111
163 129
120 109
128 109
139 138
117 190
187 106
96 138
197 151
179 123
111 177
122 91
150 141
109 138
137 103
150 148
91 125
128 81
143 88
179 196
170 90
139 177
96 98
196 120
165 102
199 136
151 129
167 129
189 175
198 129
118 133
95 121
146 164
113 191
99 191
184 131
161 135
94 192
173 148
188 176
193 154
155 124
198 86
134 113
131 84
181 184
118 120
154 183
139 199
148 130
138 167
195 169
87 197
122 179
174 196
96 183
151 124
114 173
88 104
157 197
85 177
185 157
141 81
170 175
173 149
123 120
110 94
124 119
172 149
144 130
195 184
96 146
149 165
116 152
161 199
156 175
160 129
164 144
122 123
104 192
133 141
116 153
86 194
108 146
182 154
192 164
93 112
165 109
162 154
168 147
114 86
121 191
123 143
174 133
108 167
139 110
161 101
157 183
95 98
146 137
173 186
171 124
189 178
189 107
163 122
143 117
174 103
155 101
84 150
194 107
121 125
129 105
129 159
92 122
156 112
176 84
161 94
186 176
158 83
185 83
104 135
133 160
136 156
155 186
166 100
192 190
153 197
193 148
183 81
90 89
141 126
167 125
194 187
153 162
151 156
196 144
92 179
179 106
133 103
152 99
162 194
138 135
152 105
101 82
108 200
112 87
102 180
88 84
145 82
135 145
177 188
164 155
163 125
200 111
181 162
84 99
199 153
115 128
80 94
115 126
168 82
84 81
176 192
112 106
105 98
170 89
116 132
113 163
90 172
188 162
178 97
101 95
160 177
149 109
84 91
137 167
175 115
148 111
177 137
159 159
163 182
148 112
129 141
129 125
159 95
167 96
90 135
144 133
189 122
147 167
124 177
108 157
188 140
148 114
106 89
170 138
153 124
80 154
129 200
119 171
125 111
191 151
99 127
192 182
98 160
139 189
173 89
131 121
117 142
114 164
180 168
87 120
154 193
131 193
186 152
110 187
100 109
118 193
140 190
149 88
108 165
137 176
146 119
195 110
165 167
192 93
165 127
197 164
152 102
147 134
162 165
176 106
112 173
124 195
182 169
162 152
128 143
98 91
94 99
110 114
99 106
134 197
140 149
104 198
119 192
183 190
188 198
102 128
200 139
149 148
89 155
136 99
90 122
116 142
179 167
177 113
197 159
137 141
160 86
89 168
80 98
171 131
98 143
139 106
124 170
125 200
117 172
83 132
145 89
169 123
169 114
121 174
173 81
115 113
117 167
142 159
194 152
129 83
112 110
189 83
173 80
142 115
157 192
135 117
94 193
109 87
102 136
88 81
196 167
176 92
165 128
154 146
167 168
102 135
94 152
199 112
181 117
102 168
186 89
95 188
113 91
126 179
192 200
124 90
110 146
156 84
108 112
109 93
160 199
144 196
190 159
179 157
161 143
137 167
128 162
145 168
125 162
87 118
167 87
153 184
123 178
136 82
88 135
91 115
118 154
177 95
182 125
175 187
178 121
167 199
125 158
87 117
104 118
162 137
129 123
118 170
195 195
193 151
95 128
146 161
143 128
133 96
187 107
183 127
109 100
98 132
116 198
84 142
128 153
195 148
114 162
103 172
100 144
166 169
148 141
186 129
83 144
134 98
173 143
170 142
169 142
199 147
85 151
138 131
118 114
131 120
81 81
150 114
81 140
197 88
156 96
87 156
121 121
174 130
108 177
162 116
172 89
151 102
139 186
157 161
136 90
126 117
134 156
194 141
160 109
194 153
177 165
200 122
190 88
94 106
125 198
170 163
121 117
131 193
148 171
167 166
82 198
159 144
93 126
173 131
111 157
111 168
84 127
174 129
135 193
164 165
119 133
165 171
179 174
108 175
147 138
166 82
198 142
112 84
100 136
141 185
112 199
90 97
109 174
182 172
164 137
93 142
111 113
178 122
131 128
145 152
84 191
184 167
128 100
99 125
120 146
132 122
149 158
159 147
167 117
171 99
198 200
198 172
100 129
167 174
170 190
112 191
103 154
108 158
166 106
159 184
169 199
146 127
92 102
192 86
157 110
96 108
93 94
92 173
175 126
128 178
142 120
88 166
185 113
107 146
147 107
184 176
141 193
123 196
103 125
163 91
159 117
168 141
190 124
153 141
107 117
200 195
108 183
126 85
198 93
169 128
129 91
126 141
153 193
189 149
80 127
180 149
136 126
181 151
167 170
88 144
107 199
136 200
167 150
193 132
115 115
152 123
103 196
144 87
162 154
193 167
176 190
80 164
158 166
177 87
131 191
84 94
170 133
156 90
108 200
92 104
104 106
154 186
157 132
193 129
165 149
85 90
143 87
84 193
130 118
148 88
180 146
96 94
149 184
164 165
169 179
150 84
148 108
119 175
123 93
150 199
148 107
171 114
199 83
137 129
90 124
98 88
87 163
125 98
195 109
172 125
177 128
157 198
106 135
126 92
88 146
91 111
168 123
146 102
154 155
178 109
154 183
125 142
184 181
96 169
98 144
171 120
103 88
87 148
131 106
188 146
167 187
89 199
167 198
105 110
136 164
105 138
99 134
132 152
170 102
96 197
187 99
95 131
174 93
189 188
122 88
92 142
130 170
94 146
130 196
193 92
172 82
122 127
92 112
172 115
157 133
132 196
147 137
81 155
158 148
111 185
93 177
119 196
173 174
176 171
141 136
101 154
104 176
128 150
184 90
146 192
134 174
103 127
167 117
116 168
89 82
146 140
89 169
148 90
89 93
155 152
133 169
140 89
119 171
181 181
102 137
111 186
98 126
112 121
159 102
168 123
130 171
90 170
161 163
199 135
102 123
173 116
191 170
85 128
123 133
131 200
150 125
174 93
123 180
153 100
165 142
110 128
140 137
154 102
174 123
176 145
161 160
103 158
160 186
141 184
165 119
196 181
181 126
133 169
102 113
190 170
178 124
180 176
106 153
200 200
194 152
171 118
175 180
107 112
90 108
152 143
87 106
118 192
115 92
115 117
147 154
189 199
155 162
82 112
160 176
88 159
189 135
95 133
126 198
104 119
179 159
162 114
168 108
87 122
92 83
109 141
104 142
105 113
93 146
135 101
121 180
160 188
187 175
93 121
83 170
133 108
132 169
96 94
118 92
92 157
105 158
82 89
166 123
141 85
125 99
188 89
162 83
131 192
171 177
107 83
143 127
150 111
128 131
143 125
190 145
194 151
112 166
199 165
156 138
185 192
193 100
80 110
126 172
111 123
126 118
185 121
116 110
170 156
197 98
137 158
91 178
145 119
91 118
81 103
90 107
114 200
185 196
136 136
135 100
172 184
120 176
181 182
120 158
93 163
116 126
155 134
184 185
152 179
192 105
142 175
120 145
184 173
112 177
90 154
168 126
113 150
115 82
195 197
118 184
178 151
155 80
156 200
181 124
116 104
117 112
130 194
101 154
148 177
130 163
89 188
173 174
158 173
100 191
124 136
158 146
171 167
108 147
199 155
159 160
177 95
85 200
185 136
182 131
134 151
128 190
148 167
101 137
152 141
82 152
188 172
191 193
135 81
174 189
195 100
136 145
151 112
110 103
144 177
140 187
166 199
97 97
81 137
106 190
112 111
153 146
189 126
94 140
98 179
128 90
137 81
178 88
160 136
139 159
116 83
90 194
151 139
98 150
116 85
177 118
156 135
168 132
177 142
124 186
135 169
135 98
155 146
166 125
153 174
195 199
162 124
137 188
126 97
87 148
115 113
113 139
113 198
175 182
132 157
92 162
133 122
173 140
80 86
187 94
162 187
126 160
178 180
84 158
134 102
108 110
149 166
112 96
127 129
144 118
82 103
177 181
198 179
124 171
172 150
200 89
151 91
114 164
111 164
195 167
162 98
124 123
173 107
100 94
81 132
82 193
167 146
157 83
94 186
124 153
134 127
146 144
162 131
181 149
112 161
120 180
146 99
140 138
187 122
168 130
141 117
194 129
176 136
119 175
194 151
120 174
199 92
81 99
115 143
190 142
93 120
101 114
110 182
139 192
141 173
164 196
197 186
140 117
90 111
82 195
137 100
112 124
139 100
163 134
98 136
196 143
116 103
122 153
179 101
178 180
112 134
106 159
85 188
167 97
96 160
101 185
121 195
150 101
96 133
165 189
165 191
142 99
198 85
119 169
150 84
192 114
86 147
139 108
133 116
122 129
181 82
120 172
137 119
190 138
90 166
104 93
176 188
169 91
120 191
120 167
125 104
176 198
88 160
133 151
84 162
131 187
97 111
152 157
180 130
125 84
111 147
141 114
145 125
81 159
184 154
108 180
184 190
96 162
197 174
151 96
99 152
90 168
87 174
136 86
138 111
152 133
80 111
159 155
138 103
149 127
121 95
154 121
185 105
114 198
172 85
163 119
102 176
134 97
194 142
153 196
97 128
118 123
200 125
120 150
184 144
104 145
113 176
89 188
154 93
169 172
132 156
157 186
83 155
130 190
193 90
164 123
196 83
184 158
176 122
113 200
90 170
124 175
189 195
181 151
161 141
97 185
176 175
171 108
104 159
110 155
193 100
112 177
180 159
158 184
189 178
152 137
117 168
116 131
127 113
125 100
160 129
130 115
138 173
132 111
83 151
118 147
146 126
157 165
114 143
107 174
139 123
178 161
153 123
112 180
116 176
147 112
152 133
132 185
117 176
183 159
126 98
140 123
162 189
107 89
169 173
142 185
158 171
185 149
96 91
183 189
164 91
175 160
140 158
140 120
113 191
80 80
167 102
170 151
86 109
197 135
164 85
193 81
115 132
110 127
199 116
191 81
146 143
161 113
118 187
169 171
150 133
102 143
125 149
135 86
119 141
134 80
173 137
198 119
183 191
90 178
110 113
197 90
171 161
93 109
105 155
161 175
145 102
190 151
95 85
147 165
149 100
80 198
84 134
95 112
190 130
119 160
171 196
121 181
100 90
168 192
114 80
121 137
155 144
133 147
161 164
168 176
144 129
111 149
178 199
160 101
118 174
193 108
139 125
135 190
87 198
107 92
196 144
164 162
148 159
177 155
103 118
94 182
104 189
177 198
177 192
83 194
195 91
140 126
188 174
173 184
82 190
193 181
110 180
153 148
161 110
112 194
81 177
170 124
130 146
176 136
186 99
191 95
195 167
196 110
194 115
179 157
143 90
156 173
181 86
107 121
129 198
106 109
197 131
137 94
131 174
94 160
124 176
183 180
96 101
102 196
115 109
82 127
154 189
168 103
133 159
166 152
110 193
193 123
149 191
135 156
155 97
104 186
165 122
187 190
145 169
128 112
100 124
124 166
195 119
181 162
125 136
197 147
102 123
94 173
87 135
179 156
116 97
111 178
130 143
122 119
189 157
183 122
90 124
117 155
162 85
95 112
114 142
111 84
135 168
178 161
116 192
151 199
178 117
194 136
92 99
163 188
195 132
83 122
164 86
179 101
127 166
182 144
118 198
107 108
160 197
167 193
105 103
145 113
154 118
100 149
162 98
194 167
105 184
144 192
125 126
153 172
164 152
118 179
162 103
102 160
156 97
137 162
133 85
85 171
168 175
138 97
197 170
126 136
105 185
103 164
198 99
169 149
197 82
184 183
196 134
126 183
99 149
141 132
167 159
97 173
160 134
182 128
80 185
147 173
182 175
149 160
145 139
141 142
196 170
105 180
119 183
85 199
99 104
192 107
92 106
84 87
88 152
193 105
103 116
174 130
108 104
149 146
87 198
198 116
160 190
120 159
160 81
101 133
102 95
85 119
84 185
114 173
135 158
106 95
92 141
176 87
132 99
83 171
98 177
162 166
198 86
189 94
110 166
133 124
150 145
169 177
187 138
174 147
83 93
191 153
87 136
187 127
141 141
82 136
187 141
156 133
166 181
92 172
172 200
154 132
155 200
197 88
174 134
188 106
154 132
91 189
111 195
144 159
106 162
88 85
129 134
86 184
179 109
88 82
177 167
187 96
192 151
108 159
197 185
108 90
160 174
87 182
117 132
110 121
138 196
127 176
123 89
106 149
200 185
133 109
99 193
138 200
150 120
167 97
122 117
92 170
126 172
142 189
136 130
152 172
106 143
127 182
169 138
170 125
151 131
159 115
118 90
152 175
134 92
108 114
139 171
178 150
166 197
123 174
147 146
150 187
162 194
129 122
199 139
127 86
95 116
152 120
158 117
100 194
113 178
184 146
128 92
184 117
153 112
193 143
102 118
157 172
116 97
100 188
163 168
178 115
160 93
93 97
147 175
136 99
188 86
118 135
191 90
155 127
198 162
143 97
170 182
87 173
148 120
110 180
185 199
96 146
110 93
87 81
163 170
184 95
94 108
175 173
153 131
157 160
172 88
181 152
108 125
91 92
92 155
134 154
127 138
151 157
139 182
189 106
118 95
170 175
86 173
114 120
131 171
182 155
119 96
129 89
101 164
130 192
179 181
177 200
119 115
182 199
144 128
120 151
108 123
112 86
151 146
89 120
125 130
120 122
146 127
106 159
165 84
121 128
80 199
191 150
128 109
95 192
99 160
123 189
124 151
116 156
115 174
144 190
194 169
180 132
94 83
85 84
105 146
186 185
196 82
184 80
166 164
174 177
91 159
100 89
176 198
114 112
103 117
93 177
152 143
92 168
101 182
106 171
192 133
86 127
90 111
197 179
80 160
142 174
144 100
85 170
166 199
192 96
137 101
106 123
129 162
84 116
95 109
129 187
101 107
190 88
142 189
131 147
156 133
178 182
186 101
168 169
169 140
145 101
186 158
128 85
193 168
83 178
148 187
183 141
135 171
192 199
83 89
137 175
197 118
198 121
181 190
98 92
182 95
158 142
95 148
197 159
171 181
106 102
175 151
81 80
91 176
187 154
181 110
141 182
154 103
184 161
126 200
110 178
101 132
99 115
105 121
140 137
81 108
94 169
119 103
181 135
104 161
115 98
94 142
83 84
196 108
193 191
180 170
186 125
105 139
108 81
151 121
176 106
106 197
192 105
149 92
121 141
84 128
183 182
121 109
149 189
83 107
129 110
192 124
123 134
179 153
151 102
157 134
173 109
90 152
125 190
97 161
178 178
121 142
97 194
195 129
112 161
111 165
97 91
114 93
94 161
109 161
162 92
98 188
154 166
197 197
90 104
132 185
90 109
118 128
165 139
165 184
80 151
112 167
185 119
185 82
192 187
198 91
123 98
116 90
138 152
146 163
121 84
125 112
91 200
181 179
126 189
84 131
136 140
89 154
108 132
184 178
177 80
120 110
98 138
164 81
147 92
88 152
173 87
86 84
136 146
165 117
124 127
180 159
117 189
86 192
151 179
91 121
83 114
84 156
125 199
117 167
195 135
199 100
180 123
93 136
156 124
108 160
156 167
116 139
183 172
111 172
176 167
121 180
92 163
124 155
96 111
145 86
175 97
110 173
139 84
180 144
129 200
160 171
167 188
153 170
131 184
164 83
152 131
98 184
172 179
149 105
117 80
99 164
161 140
134 158
84 164
162 109
132 175
115 157
100 139
141 177
102 103
174 179
138 192
140 170
157 114
82 165
199 196
155 173
85 141
117 184
91 155
167 122
82 174
83 194
187 127
123 99
176 103
101 151
166 139
174 132
149 96
143 81
126 123
190 153
102 129
93 147
151 142
177 170
85 95
144 107
109 133
131 182
117 167
120 92
80 119
127 175
84 146
93 94
131 186
189 93
100 109
127 107
125 160
114 140
82 144
177 154
83 101
174 123
153 115
176 184
108 104
138 89
108 94
93 91
113 115
139 88
93 145
97 162
194 85
119 131
140 158
189 108
142 81
92 86
128 107
108 86
107 106
112 90
142 124
178 95
131 128
108 98
145 162
193 155
146 107
106 142
107 154
164 112
146 121
193 104
177 139
142 194
157 87
103 117
160 155
162 142
188 92
139 100
188 196
177 147
100 141
173 164
170 199
168 177
138 137
163 189
131 138
124 122
127 105
178 117
198 153
193 87
188 151
177 148
103 189
188 141
171 156
149 147
159 169
85 106
194 167
200 123
135 194
128 136
200 159
154 126
91 160
125 91
176 105
135 169
180 159
191 97
134 88
128 115
150 188
175 104
195 190
186 90
141 92
88 154
133 176
88 92
197 194
175 117
180 170
141 86
178 95
152 134
167 146
91 195
94 173
144 200
84 147
184 154
107 146
102 197
103 102
144 164
153 159
134 102
107 98
163 141
153 81
89 188
115 183
142 146
86 196
153 134
159 151
189 161
175 195
97 189
140 199
129 108
104 167
151 152
176 195
112 134
98 198
121 198
119 137
139 157
183 198
127 167
104 194
108 157
153 191
133 134
183 123
196 199
142 124
185 136
85 93
142 169
189 97
198 141
106 100
185 97
93 141
157 153
135 153
169 97
155 190
147 181
92 159
175 120
176 130
196 192
99 179
140 124
81 153
135 171
196 135
156 194
100 104
150 195
132 90
188 118
168 139
80 144
181 110
128 91
174 108
118 169
173 97
195 192
86 198
198 105
176 158
177 119
132 176
101 148
176 186
115 101
92 148
81 132
147 81
116 159
194 162
191 178
147 165
175 186
165 106
170 87
198 134
181 116
142 109
139 153
164 92
128 121
176 171
158 144
197 80
124 147
128 95
141 152
93 198
185 197
143 80
165 107
111 137
184 89
186 172
185 176
145 168
131 132
109 168
126 83
188 136
85 112
158 187
155 141
108 142
148 177
152 173
196 156
97 162
173 88
154 166
109 96
80 109
125 185
123 183
102 110
162 160
134 85
178 186
139 96
103 88
146 183
176 197
122 140
109 120
94 168
149 193
157 81
92 100
88 130
91 111
132 98
182 116
116 87
147 85
186 113
87 125
103 177
146 165
125 111
149 125
144 96
97 138
184 112
98 194
112 191
181 119
104 143
167 89
82 173
186 136
153 114
140 150
89 146
200 154
183 188
117 141
186 121
169 144
162 123
88 165
102 160
162 162
103 144
100 122
105 193
103 182
183 190
127 105
191 95
149 137
150 194
138 139
179 172
101 172
122 131
80 123
167 185
85 83
183 149
186 125
136 109
187 129
139 126
109 136
180 182
197 180
151 175
188 131
92 117
138 185
135 112
117 105
199 150
116 154
82 127
88 186
153 88
193 168
120 149
173 188
123 82
132 142
180 99
99 198
167 187
122 194
149 146
134 185
184 163
184 167
183 84
107 132
147 80
86 85
103 134
148 132
175 136
146 99
186 195
179 179
134 188
192 185
132 197
107 140
157 148
145 170
170 189
101 88
193 111
175 126
140 172
157 108
191 121
112 121
143 91
83 97
193 83
152 165
200 170
159 182
186 95
99 97
190 169
147 97
113 129
115 195
190 156
158 185
100 130
126 115
97 199
90 84
112 137
105 184
152 183
193 139
86 167
108 168
147 133
88 164
194 150
177 151
180 144
92 90
190 91
96 88
176 151
133 127
102 166
100 199
127 96
106 151
118 165
88 111
176 157
122 191
190 120
145 184
96 141
188 171
198 112
191 147
170 143
169 83
156 119
131 174
171 176
124 194
199 134
143 156
185 200
156 182
189 198
146 116
177 114
105 178
131 190
136 118
164 149
178 192
113 145
138 101
91 82
113 111
162 100
178 117
155 165
126 162
105 200
165 153
179 151
102 124
160 96
141 150
168 186
127 107
196 156
120 133
189 170
166 151
128 115
112 119
160 129
137 196
154 197
155 142
95 148
117 116
154 142
119 108
91 97
95 109
193 181
104 165
173 93
190 87
96 178
115 178
165 105
95 184
126 128
98 130
117 165
189 173
82 166
130 112
89 125
181 179
157 179
116 141
155 130
96 118
147 139
87 124
174 91
179 117
106 80
107 144
88 100
125 161
103 88
157 102
166 147
130 101
104 130
115 173
83 119
153 122
175 124
170 170
173 120
87 97
157 134
110 118
128 135
121 134
159 161
169 86
82 93
193 145
151 158
116 169
195 92
83 162
136 90
131 122
148 138
154 181
95 119
181 107
174 174
174 103
91 97
184 140
188 186
160 188
116 191
106 103
85 95
199 149
117 167
182 92
147 184
200 113
102 190
139 152
174 95
198 185
182 140
105 111
199 152
154 199
114 97
97 127
148 130
175 192
169 97
176 171
144 159
114 116
136 118
100 95
88 155
81 149
91 179
159 165
149 131
92 199
84 130
187 128
112 171
138 132
145 110
145 156
82 180
165 142
177 152
123 187
95 189
117 85
118 112
139 126
142 170
137 170
87 126
162 80
107 163
153 81
136 118
103 194
144 124
100 184
98 168
148 99
139 163
196 167
146 128
181 141
169 158
113 182
160 140
162 125
128 176
138 125
173 186
191 198
187 88
180 106
158 163
153 192
159 161
85 118
198 94
148 188
165 103
175 148
134 141
131 125
180 187
182 190
141 135
104 156
104 114
116 125
108 123
175 161
148 86
179 160
149 109
90 187
130 200
84 101
174 157
199 116
153 143
169 193
132 138
90 142
108 99
88 195
85 195
106 169
150 114
160 120
181 198
150 158
104 126
81 170
95 135
104 97
102 176
116 160
84 102
171 174
92 189
156 197
126 135
123 168
124 86
120 82
192 110
111 87
86 129
157 156
105 133
148 106
138 128
97 81
170 166
128 198
171 83
156 118
188 194
195 135
145 136
141 149
87 81
96 155
163 131
115 195
88 145
136 96
99 186
98 179
186 197
129 130
156 181
124 153
163 92
131 148
91 182
143 99
200 160
131 105
114 162
100 97
122 151
115 111
142 165
178 128
137 93
174 90
168 174
161 144
176 185
89 134
96 185
189 101
183 179
183 126
80 103
126 199
152 121
184 113
169 80
133 146
175 87
88 193
184 115
142 140
153 159
80 113
123 179
101 133
156 132
163 178
126 93
109 114
137 127
168 102
128 197
184 146
187 137
90 86
128 120
200 168
126 177
119 191
166 99
99 149
138 81
121 141
111 121
176 144
125 161
140 80
187 199
177 183
96 167
171 155
98 189
164 102
90 155
126 162
176 117
111 164
150 182
161 142
173 80
165 115
108 82
127 194
200 174
133 129
99 176
89 135
86 100
95 137
196 115
184 161
197 159
180 161
113 124
80 114
110 84
158 128
186 166
172 86
121 90
169 152
147 168
198 88
174 193
123 88
160 191
197 169
101 118
144 109
149 145
124 190
157 109
177 99
82 113
143 158
139 147
125 136
176 134
131 86
196 197
89 188
172 189
153 152
180 147
170 111
187 122
151 125
91 156
141 129
175 170
197 191
168 134
126 139
145 182
111 110
82 98
199 144
173 140
163 129
133 165
109 156
144 187
144 113
123 195
114 167
82 166
103 116
191 142
126 115
145 154
162 84
93 81
157 163
180 117
104 182
144 97
90 195
179 180
110 92
121 184
144 109
110 139
124 184
125 117
163 140
186 185
85 199
99 93
93 176
94 115
141 189
135 143
81 162
154 171
132 185
170 106
130 176
119 198
98 149
128 162
153 99
151 179
94 120
113 115
108 88
147 108
189 146
148 191
129 118
104 185
126 90
191 193
117 184
109 180
143 185
142 116
166 151
147 164
113 156
196 130
94 156
96 82
191 181
157 94
150 137
113 116
102 107
162 108
158 99
136 185
81 97
157 86
117 117
138 85
129 199
152 186
144 113
85 177
179 164
126 126
186 122
100 187
93 104
168 117
81 146
88 183
159 174
111 130
165 103
117 134
159 163
138 115
107 166
116 141
186 171
84 97
84 108
155 90
171 163
111 159
175 127
199 145
140 165
193 130
164 183
95 198
81 143
120 129
162 91
157 112
138 91
139 126
99 128
168 85
118 122
104 99
139 141
117 184
158 158
134 193
172 81
98 129
165 176
184 117
99 109
81 152
184 133
138 155
200 147
90 189
146 107
173 87
125 137
123 154
149 111
165 113
101 174
172 198
182 123
144 166
154 108
200 121
114 110
96 161
175 184
193 110
186 183
108 186
87 195
192 88
185 158
166 100
128 95
194 135
126 86
134 183
156 196
166 137
149 199
109 137
89 183
135 134
181 138
101 99
104 145
153 187
103 110
169 142
130 131
149 113
150 114
111 105
133 131
120 173
185 122
99 183
122 180
176 182
189 155
193 190
83 161
104 85
81 160
101 161
167 169
158 194
183 132
85 155
95 87
98 102
198 162
164 93
149 191
161 147
127 94
183 126
173 118
130 142
188 172
169 112
98 196
122 102
200 102
155 186
191 108
170 156
106 82
156 171
156 130
182 146
172 115
129 120
84 139
81 194
146 188
184 108
197 132
82 141
116 140
178 132
197 139
83 117
130 101
157 94
126 102
84 125
110 150
162 166
170 160
155 117
144 180
184 80
125 112
132 110
83 187
91 90
162 128
131 196
123 173
176 171
94 164
148 108
166 102
96 147
188 184
154 194
191 107
85 176
83 184
186 101
85 125
117 146
116 156
194 184
200 140
189 183
115 185
136 179
173 164
162 133
112 177
156 168
117 114
119 187
108 146
116 80
123 102
183 172
100 112
91 156
181 95
98 80
112 90
101 93
89 139
106 164
87 159
184 125
86 156
167 187
168 132
164 196
124 114
109 198
197 87
96 171
98 82
115 186
157 92
158 159
147 102
167 111
180 168
144 83
95 134
131 106
96 102
100 84
164 158
156 126
182 82
138 107
177 189
156 183
187 161
156 179
176 157
167 195
117 120
155 89
193 189
90 133
182 175
198 82
165 95
130 109
172 113
174 171
173 194
127 98
169 152
186 193
115 156
200 106
110 162
94 136
145 137
143 192
114 139
199 158
177 183
147 138
195 139
154 169
88 181
198 103
164 198
144 163
190 139
87 95
83 198
182 109
113 188
111 103
89 167
180 106
182 115
200 188
136 92
176 184
157 188
91 98
179 113
141 107
130 80
103 148
122 167
193 125
139 106
145 94
156 131
112 161
182 170
83 83
178 135
194 197
197 142
185 174
196 93
173 113
116 85
126 91
177 145
143 146
178 111
94 166
89 117
178 83
138 135
137 127
153 121
171 97
184 141
120 133
197 107
142 200
142 111
174 154
116 160
154 107
86 95
135 118
154 168
137 98
80 105
193 117
198 159
113 188
185 138
80 183
199 123
141 189
150 178
117 153
126 125
175 158
102 195
200 143
135 194
157 104
165 140
145 166
103 154
177 135
139 148
144 89
147 189
156 172
139 96
193 125
108 93
99 109
135 106
181 165
121 111
170 104
188 136
123 160
187 119
188 119
124 135
127 90
173 184
138 166
179 131
174 170
136 200
181 144
84 88
83 182
166 135
147 109
160 113
155 127
129 101
153 122
110 131
175 138
131 115
97 126
92 111
141 195
124 133
138 200
88 101
182 108
140 92
128 158
142 145
81 89
163 95
142 101
112 95
196 92
124 143
128 99
140 127
164 84
171 83
88 127
195 174
86 100
186 135
115 88
137 197
186 143
191 153
90 109
154 199
144 107
162 114
174 109
156 124
83 115
105 167
144 170
187 104
163 90
150 159
101 117
121 101
143 97
100 176
124 175
159 92
86 80
188 141
155 160
143 112
181 116
153 142
154 102
147 148
113 118
159 157
105 146
184 82
125 125
169 143
93 114
177 175
99 177
96 184
86 143
150 140
149 155